[LEFT_CAM_2K]
fx=1399.57
fy=1399.57
cx=1102.41
cy=625.749
k1=-0.173042
k2=0.0258831
p1=0
p2=0

[RIGHT_CAM_2K]
fx=1400.45
fy=1400.45
cx=1148.52
cy=633.564
k1=-0.174209
k2=0.026726
p1=0
p2=0

[LEFT_CAM_FHD]
fx=1399.57
fy=1399.57
cx=958.407
cy=544.749
k1=-0.173042
k2=0.0258831
p1=0
p2=0

[RIGHT_CAM_FHD]
fx=1400.45
fy=1400.45
cx=1004.52
cy=552.564
k1=-0.174209
k2=0.026726
p1=0
p2=0

[LEFT_CAM_HD]
fx=699.783
fy=699.783
cx=637.704
cy=360.875
k1=-0.173042
k2=0.0258831
p1=0
p2=0

[RIGHT_CAM_HD]
fx=700.225
fy=700.225
cx=660.759
cy=364.782
k1=-0.174209
k2=0.026726
p1=0
p2=0

[LEFT_CAM_VGA]
fx=349.891
fy=349.891
cx=334.352
cy=187.937
k1=-0.173042
k2=0.0258831
p1=0
p2=0

[RIGHT_CAM_VGA]
fx=350.112
fy=350.112
cx=345.88
cy=189.891
k1=-0.174209
k2=0.026726
p1=0
p2=0

[STEREO]
Baseline=120
CV_2K=0.021005
CV_FHD=0.021005
CV_HD=0.021005
CV_VGA=0.021005
RX_2K=-0.0132397
RX_FHD=-0.0132397
RX_HD=-0.0132397
RX_VGA=-0.0132397
RZ_2K=-0.00121284
RZ_FHD=-0.00121284
RZ_HD=-0.00121284
RZ_VGA=-0.00121284



